$ 1 0.000005 10.20027730826997 50 5 50
401 832 128 944 128 0 0 false 5 0 DIGITAL_7
401 832 224 944 224 0 0 false 5 0 DIGITAL_11
401 832 320 944 320 0 0 false 5 0 DIGITAL_12
162 768 128 640 128 1 2.1024259 1 0 0
162 768 224 640 224 1 2.1024259 1 1 0
162 768 320 640 320 1 2.1024259 0 1 0
w 640 128 640 224 0
w 640 224 640 320 0
g 640 352 640 400 0
x 681 96 725 99 0 24 Red
x 683 192 751 195 0 24 Yellow
x 688 286 754 289 0 24 Green
w 640 352 640 320 0
w 768 128 832 128 0
w 768 224 832 224 0
w 768 320 832 320 0